	M_disk	M_env	R_disk	L_int	L_acc	Tmid_disk	Tmavg_disk	multiplicity	hr	M_star	age	i_yz	i_xz	i_xy
1	0.22448549850739338	3.2244687997366643	205.67327411866717	3790.8558808	66.362193455	472.92401269525067	670.3976823290182	18.0	0.1622157511630992	4.0069737192	32702.062856	80.66134512559839	91.56684336148152	170.52848939140648
11	0.1142932265240433	1.9593132385418321	46.05435974093511	7.6792449349	69.482149823	347.72572532010304	659.1565856354847	8.0	0.156284120476674	2.4270786741	28836.881106	91.2486009335266	92.38389695763368	177.30857471286302
17	0.0230975453165257	0.25149340253168156	29.036145659290362	0.62719735323	90.834779763	350.9891121270488	727.353472514722	2.0	0.23284667430798986	0.93449218328	27840.645294	89.64679009650557	174.5687558265905	84.58032208282165
20	0.3631663270510272	0.6835919723196051	101.88597766925619	0.4777319027	36.581225362	139.9031417025951	239.28259635162232	1.0	0.3781647249872506	0.46442426361	27482.801413	10.170777335401716	82.01479587195448	96.25831558990883
23	0.01060645608313707	2.4220000128264516	65.37272490461018	1.5325905289	20.136511873	244.62783937912232	341.60681949468585	3.0	0.2662373842054441	1.791549217	27305.163177	83.95212048917418	173.93786303266063	89.58602130555137
29	1.5577254891445753	3.701939466659433	135.7620243602356	18704.33382	591.62186614	489.88693123443204	882.9053043443406	1.0	0.22440508696875625	9.4398742004	26680.892062	120.75209914284204	68.80408109687941	38.773292403570245
30	0.01395052616250231	0.7941686482658332	19.58681563104213	0.55638025025	85.812880714	411.607978839493	774.5141305273702	1.0	0.32291436040316335	0.65518605913	26593.790123	96.46227905274026	101.60557425709887	13.327495052086864
42	0.14302180427728972	0.41259481040489854	85.89403390832027	0.46417163706	49.992423922	131.87342509692616	308.1646453820607	1.0	0.36760762964320304	0.46403662287	25229.799478	66.93709450834703	120.45093658007222	140.1669400307659
43	0.035845763288124007	0.31074852163718486	87.57824670327162	0.042198162775	8.6179443101	123.0811426990755	435.5823378254947	1.0	0.611681761434406	0.07291029166	25101.056233	96.50255836352467	8.248399619556983	84.9471334547328
50	0.11908598205148298	0.36492620316037716	51.8994877017911	0.2999061266	14.170064153	227.1915780672429	454.9506634805454	4.0	0.27250764136311906	0.26314559736	18904.911619	176.69931885359986	86.95100295544633	91.26297149984909
52	0.009650283466322122	0.24532717996262027	43.05033184556436	0.4577488263	93.193281107	303.5515422319575	497.80908113731573	5.0	0.29202575698308036	0.53606396109	18488.355543	161.8278634975638	80.39213217080128	105.27507604669177
53	0.39155078497595375	0.8776873990846082	61.70223243960501	509.99762321	268.29447564	435.0126475977046	709.8940374631832	2.0	0.2182370712129469	2.9468227224	18386.774668	90.38109833414588	1.8317428575321266	91.79163367782111
57	0.07883744170982565	0.32560896918003224	92.49461651004177	0.037286617757	1.8603846154	85.11469454018516	199.20231401423902	3.0	0.40674903412539887	0.086946423909	17104.321653	21.987884230886806	68.07554726172417	88.41214661945875
61	0.3287945205427086	2.6777356438766278	198.48507199266672	6349.5321664	67.049246893	384.1953223335011	536.1687401630667	2.0	0.316603382798314	4.2433041712	16063.579616	0.7465650042079812	90.31977889716649	90.6746045590106
65	0.39559896179473086	1.0595240796699679	65.3316834822891	0.35943690414	59.090776817	238.28230701267077	466.6668271093204	3.0	0.2951661192080315	0.41272568131	15156.386563	172.6592009667517	90.48978793284775	82.67573862700115
67	0.030252489769945733	0.8665295084562987	24.691114497249586	1.02227614	991.79743851	609.2652976490854	1029.6450330104385	1.0	0.2732461372054655	1.712177685	13767.637668	73.9663183632597	149.94556962496634	65.30584777233224
70	0.02365881026192195	2.237775320812857	23.09689731561246	3129.0382546	106.88197007	570.1873046362326	837.6080531939392	3.0	0.13305311842644485	3.7146262673	11669.395002	104.83985378587126	64.61775494946303	150.0435653312463
72	0.40726055908581554	1.533058273287344	61.45422774745225	1.7689927417	422.25174504	364.04416211488154	538.8991262505252	2.0	0.193902763780022	2.1225877139	10057.53653	99.87312712728736	170.1022749781606	89.30952872700368
76	0.02230280231449394	4.894949927402646	37.435610036467594	0.30817068735	166.24392478	449.9052264592245	762.6785051750965	1.0	0.42684688871393806	0.71915832949	5291.5558271	113.95749181994836	23.9577248140786	89.90046381251797
77	0.1005338712394772	3.3043090091472007	81.64734036171458	0.23570852958	311.48521186	412.54390771239656	806.133349942181	1.0	0.9828216530208551	0.37510111432	4431.1581585	88.57898621440049	15.733132695003528	74.33449992772827
78	0.5858492012609461	0.9697795020205106	177.33318386677172	0.21421971745	56.805197745	93.24191266864678	216.82988267454448	1.0	0.2959271923439394	0.40358071564	2743.8757983	57.334179614799666	33.079553947995635	94.65404255112148
79	0.06314542044281948	0.9601654302039504	78.96498897055947	0.17884787058	24.237405682	156.87100989427972	353.39092908307407	1.0	0.5849327723852135	0.3081319043	2338.1166242	21.767505659310476	106.97445813153493	76.78107269905139
80	0.04253022847772141	1.4204695661141737	29.541308877126383	0.23408857537	248.94191268	380.1231950253416	780.4241606358631	1.0	0.39863698296002054	0.67090524545	2310.1102584	90.48487571471323	17.923891000552004	107.91688330514789
81	0.024212712873455465	2.323622093552438	19.55524910242064	0.22408164767	381.564155	597.571903498027	1072.5282423921344	1.0	0.45253154548284324	0.63552245391	2099.1476025	160.78737172658822	104.50053240720247	102.32936872939467
82	0.039677274472441085	1.1520270443134386	75.35517152816138	0.14128583279	2.0807549941	69.48545875054984	166.94395467308834	1.0	0.36365855886149767	0.24880613444	1742.4235967	179.35226659058134	89.6962683067297	89.42789905086609
83	0.06606924837342287	0.7062417925250822	58.66906715255564	0.13939423063	25.974291193	170.49768042313565	362.52337350577955	1.0	0.5020794863094009	0.27283528156	972.60351486	53.809884115188915	104.53576033890826	39.91083200279792
